0 0.0159 .0020 0.0059 0.0040
1 0.0178 .0052 0.0047 0.0040
2 0.0171 .0090 0.0028 0.0026
3 0.0113 .0003 0.0048 0.0031
4 0.0103 .0038 0.0024 0.0020
5 0.0127 .0023 0.0044 0.0030
6 0.0470 .0228 0.0082 0.0080
7 0.0082 .0014 0.0029 0.0020
8 0.0066 .0000 0.0019 0.0023
9 0.0071 .0010 0.0032 0.0014
10 0.0102 .0008 0.0015 0.0040
11 0.0056 .0013 0.0017 0.0013
12 0.0089 .0022 0.0025 0.0021
13 0.0166 .0022 0.0034 0.0055
14 0.0242 .0164 0.0028 0.0025
15 0.0161 .0008 0.0050 0.0052
16 0.0087 .0002 0.0048 0.0019
17 0.0251 .0002 0.0143 0.0054
18 0.0125 .0017 0.0049 0.0029
19 0.0133 .0002 0.0054 0.0039
20 0.0121 .0007 0.0037 0.0039
21 0.0113 .0002 0.0057 0.0027
22 0.0080 .0001 0.0038 0.0020
23 0.0287 .0170 0.0065 0.0026
24 0.0152 .0010 0.0074 0.0034
25 0.0113 .0003 0.0040 0.0035
26 0.0305 .0000 0.0121 0.0092
27 0.0119 .0009 0.0045 0.0033
28 0.0221 .0003 0.0094 0.0062
29 0.0137 .0040 0.0047 0.0025
30 0.0194 .0001 0.0098 0.0048
31 0.0818 .0721 0.0042 0.0028
32 0.0083 .0001 0.0042 0.0020
33 0.0104 .0002 0.0060 0.0021
34 0.0102 .0005 0.0034 0.0031
35 0.0131 .0001 0.0053 0.0039
36 0.0174 .0079 0.0039 0.0028
37 0.0173 .0006 0.0076 0.0046
38 0.1554 .1412 0.0044 0.0049
39 0.0206 .0004 0.0090 0.0056
40 0.0113 .0002 0.0037 0.0037
41 0.0104 .0000 0.0048 0.0028
42 0.0059 .0003 0.0018 0.0019
43 0.0475 .0381 0.0040 0.0027
44 0.0051 .0001 0.0018 0.0016
45 0.0141 .0000 0.0083 0.0029
46 0.0120 .0008 0.0048 0.0032
47 0.0474 .0336 0.0063 0.0037
48 0.0093 .0000 0.0055 0.0019
49 0.0130 .0001 0.0038 0.0045
50 0.0180 .0024 0.0062 0.0047
51 0.0410 .0321 0.0033 0.0028
52 0.0097 .0003 0.0040 0.0027
53 0.0067 .0002 0.0027 0.0019
54 0.0082 .0017 0.0032 0.0016
55 0.0180 .0027 0.0054 0.0049
56 0.0070 .0001 0.0025 0.0022
57 0.0080 .0001 0.0033 0.0023
58 0.0173 .0002 0.0076 0.0048
59 0.0087 .0003 0.0032 0.0026
60 0.0093 .0002 0.0027 0.0032
61 0.0145 .0001 0.0043 0.0051
62 0.0161 .0008 0.0060 0.0047
63 0.0076 .0007 0.0022 0.0023
64 0.0165 .0006 0.0044 0.0058
65 0.0156 .0000 0.0072 0.0042
66 0.0407 .0338 0.0031 0.0019
67 0.0110 .0000 0.0031 0.0039
68 0.0082 .0001 0.0042 0.0020
69 0.0130 .0006 0.0045 0.0039
70 0.0126 .0002 0.0077 0.0024
71 0.0095 .0000 0.0044 0.0026
72 0.0190 .0001 0.0086 0.0052
73 0.0260 .0114 0.0042 0.0052
74 0.0063 .0000 0.0023 0.0020
75 0.0108 .0015 0.0043 0.0025
76 0.0123 .0020 0.0026 0.0038
77 0.0081 .0000 0.0034 0.0023
78 0.0173 .0027 0.0045 0.0050
