0 0.0265 0.0055 0.0210
1 0.0720 0.0473 0.0247
2 0.0153 0.0015 0.0138
3 0.0207 0.0096 0.0111
4 0.0336 0.0005 0.0331
5 0.0378 0.0159 0.0219
6 0.0118 0.0003 0.0114
7 0.0280 0.0243 0.0037
8 0.0389 0.0020 0.0368
9 0.0101 0.0011 0.0089
10 0.0132 0.0009 0.0124
11 0.0394 0.0054 0.0340
12 0.0105 0.0014 0.0091
13 0.0133 0.0033 0.0101
14 0.0319 0.0002 0.0317
15 0.0283 0.0019 0.0264
16 0.0505 0.0157 0.0348
17 0.1432 0.1341 0.0091
18 0.0107 0.0007 0.0100
19 0.0104 0.0002 0.0101
20 0.0176 0.0025 0.0151
21 0.0275 0.0054 0.0221
22 0.0186 0.0057 0.0129
23 0.0266 0.0009 0.0257
24 0.0465 0.0232 0.0233
25 0.0116 0.0027 0.0089
26 0.0123 0.0044 0.0078
27 0.0141 0.0012 0.0129
28 0.0990 0.0890 0.0101
29 0.0148 0.0041 0.0107
30 0.0094 0.0005 0.0088
31 0.0394 0.0001 0.0393
32 0.0056 0.0004 0.0052
33 0.0155 0.0030 0.0126
34 0.0229 0.0054 0.0176
35 0.2196 0.1976 0.0220
36 0.0302 0.0164 0.0138
37 0.0122 0.0000 0.0122
38 0.0145 0.0034 0.0111
39 0.0152 0.0029 0.0122
40 0.0302 0.0002 0.0300
41 0.0284 0.0002 0.0282
42 0.0246 0.0020 0.0226
43 0.0251 0.0000 0.0251
44 0.0769 0.0541 0.0229
45 0.0308 0.0124 0.0184
46 0.0213 0.0040 0.0174
47 0.0647 0.0505 0.0142
48 0.0274 0.0011 0.0263
49 0.0127 0.0010 0.0117
50 0.0284 0.0000 0.0283
51 0.0100 0.0006 0.0094
52 0.0155 0.0004 0.0151
53 0.0231 0.0038 0.0193
54 0.0074 0.0016 0.0058
55 0.3194 0.2843 0.0351
56 0.0130 0.0003 0.0127
57 0.0217 0.0001 0.0216
58 0.0180 0.0000 0.0180
59 0.0246 0.0085 0.0160
60 0.0274 0.0000 0.0273
61 0.0177 0.0001 0.0176
62 0.0325 0.0000 0.0325
63 0.0184 0.0004 0.0180
64 0.0264 0.0024 0.0240
65 0.0146 0.0071 0.0075
66 0.2107 0.1427 0.0680
67 0.0191 0.0006 0.0185
68 0.0199 0.0000 0.0199
69 0.0244 0.0001 0.0244
70 0.0409 0.0003 0.0407
71 0.0163 0.0000 0.0163
72 0.1447 0.1292 0.0155
73 0.0121 0.0000 0.0121
