0 0.1216 0.1152 0.0065
1 0.1255 0.1175 0.0080
2 0.0296 0.0233 0.0062
3 0.0116 0.0058 0.0058
4 0.0058 0.0016 0.0042
5 0.0270 0.0228 0.0042
6 0.0036 0.0001 0.0034
7 0.1376 0.1330 0.0046
8 0.0283 0.0204 0.0079
9 0.0151 0.0022 0.0129
10 0.0121 0.0055 0.0066
11 0.0083 0.0016 0.0067
12 0.0083 0.0002 0.0080
13 0.0061 0.0000 0.0061
14 0.0095 0.0040 0.0055
15 0.0108 0.0051 0.0056
16 0.0110 0.0008 0.0102
17 0.0491 0.0370 0.0121
18 0.0067 0.0001 0.0066
19 0.1607 0.1511 0.0095
20 0.0088 0.0001 0.0087
21 0.0044 0.0008 0.0035
22 0.0096 0.0058 0.0038
23 0.0092 0.0041 0.0051
24 0.0111 0.0005 0.0106
25 0.0139 0.0058 0.0081
26 0.0035 0.0003 0.0031
27 0.0195 0.0102 0.0093
28 0.0049 0.0001 0.0048
29 0.0059 0.0008 0.0052
30 0.0113 0.0023 0.0090
31 0.0069 0.0000 0.0069
32 0.0072 0.0003 0.0069
33 0.0076 0.0007 0.0069
34 0.0093 0.0001 0.0093
35 0.0050 0.0003 0.0048
36 0.0103 0.0001 0.0102
37 0.0060 0.0000 0.0060
38 0.0046 0.0000 0.0046
39 0.0062 0.0001 0.0061
40 0.0313 0.0125 0.0187
41 0.0145 0.0076 0.0069
42 0.0176 0.0064 0.0112
43 0.0096 0.0018 0.0078
44 0.0023 0.0000 0.0023
45 0.0078 0.0000 0.0077
46 0.3215 0.3157 0.0058
47 0.0087 0.0000 0.0086
48 0.0043 0.0000 0.0043
49 0.0141 0.0001 0.0140
50 0.0064 0.0020 0.0045
51 0.0054 0.0002 0.0053
52 0.0032 0.0002 0.0030
53 0.0230 0.0094 0.0136
54 0.0152 0.0001 0.0151
55 0.0091 0.0021 0.0070
56 0.3117 0.3029 0.0087
57 0.0079 0.0003 0.0076
58 0.0446 0.0413 0.0034
59 0.0428 0.0375 0.0053
60 0.0085 0.0013 0.0072
61 0.0106 0.0017 0.0089
62 0.0109 0.0001 0.0108
63 0.0092 0.0026 0.0066
64 0.0075 0.0000 0.0075
65 0.0089 0.0023 0.0066
66 0.0166 0.0102 0.0064
67 0.0132 0.0000 0.0132
68 0.0069 0.0003 0.0066
69 0.0111 0.0011 0.0099
70 0.0104 0.0005 0.0098
71 0.0065 0.0000 0.0064
72 0.0066 0.0001 0.0065
73 0.0080 0.0002 0.0078
74 0.0052 0.0003 0.0049
75 0.0062 0.0008 0.0053
76 0.0981 0.0760 0.0221
77 0.0080 0.0000 0.0080
78 0.0171 0.0001 0.0170
79 0.0200 0.0108 0.0092
80 0.0100 0.0000 0.0099
81 0.0361 0.0329 0.0032
82 0.0160 0.0059 0.0101
